crn, julian, n, mean, StdDev, StdErr
#, day, #,  ,  ,  
  36, 1294,    3,    8.096,    0.003,    0.002
  37, 1347,    1,    8.098,    0.000,    0.000
  38, 1373,    2,    8.097,    0.001,    0.001
  39, 1404,    1,    8.111,    0.000,    0.000
  40, 1453,    1,    8.113,    0.000,    0.000
  42, 1515,    2,    8.110,    0.001,    0.001
  43, 1537,    2,    8.104,    0.000,    0.000
  44, 1572,   10,    8.093,    0.005,    0.002
  45, 1600,    1,    8.102,    0.000,    0.000
  46, 1657,    1,    8.089,    0.000,    0.000
  47, 1693,    1,    8.099,    0.000,    0.000
  50, 1855,    1,    8.114,    0.000,    0.000
  55, 2123,    1,    8.104,    0.000,    0.000
  56, 2159,    1,    8.112,    0.000,    0.000
  57, 2183,    3,    8.110,    0.003,    0.002
  58, 2205,    2,    8.104,    0.003,    0.002
  59, 2240,    2,    8.106,    0.000,    0.000
  60, 2319,    2,    8.088,    0.001,    0.001
  61, 2345,    2,    8.085,    0.001,    0.001
  62, 2378,    2,    8.086,    0.001,    0.001
  63, 2409,    1,    8.086,    0.000,    0.000
  64, 2493,    2,    8.096,    0.001,    0.000
  65, 2523,    2,    8.102,    0.001,    0.000
  66, 2551,    2,    8.102,    0.000,    0.000
  67, 2582,    1,    8.104,    0.000,    0.000
  68, 2603,    1,    8.107,    0.000,    0.000
  69, 2664,    1,    8.102,    0.000,    0.000
  70, 2734,    1,    8.087,    0.000,    0.000
  71, 2762,    1,    8.095,    0.000,    0.000
  72, 2790,    1,    8.093,    0.000,    0.000
  73, 2825,    1,    8.098,    0.000,    0.000
  74, 2856,    1,    8.104,    0.000,    0.000
  75, 2881,    1,    8.108,    0.000,    0.000
  76, 2923,    1,    8.118,    0.000,    0.000
  77, 2951,    2,    8.115,    0.001,    0.001
  78, 2993,    2,    8.102,    0.001,    0.000
  79, 3021,    1,    8.094,    0.000,    0.000
  80, 3062,    1,    8.070,    0.000,    0.000
  81, 3084,    1,    8.072,    0.000,    0.000
  82, 3112,    1,    8.064,    0.000,    0.000
  83, 3140,    1,    8.096,    0.000,    0.000
  84, 3168,    1,    8.105,    0.000,    0.000
  85, 3203,    1,    8.098,    0.000,    0.000
  86, 3227,    1,    8.099,    0.000,    0.000
  87, 3281,    1,    8.107,    0.000,    0.000
  88, 3352,    1,    8.100,    0.000,    0.000
  89, 3389,    1,    8.089,    0.000,    0.000
  90, 3428,    1,    8.084,    0.000,    0.000
  91, 3455,    1,    8.092,    0.000,    0.000
  92, 3483,    1,    8.082,    0.000,    0.000
  93, 3511,    1,    8.084,    0.000,    0.000
  94, 3546,    1,    8.084,    0.000,    0.000
 150, 5405,    1,    8.085,    0.000,    0.000
 151, 5437,    1,    8.088,    0.000,    0.000
 153, 5518,    1,    8.104,    0.000,    0.000
 154, 5558,    1,    8.094,    0.000,    0.000
 155, 5591,    1,    8.092,    0.000,    0.000
 156, 5625,    1,    8.093,    0.000,    0.000
 157, 5649,    1,    8.085,    0.000,    0.000
 158, 5681,    1,    8.079,    0.000,    0.000
 160, 5737,    1,    8.092,    0.000,    0.000
 161, 5764,    1,    8.100,    0.000,    0.000
 162, 5798,    1,    8.106,    0.000,    0.000
 163, 5842,    1,    8.115,    0.000,    0.000
 164, 5874,    1,    8.092,    0.000,    0.000
 165, 5902,    1,    8.113,    0.000,    0.000
 166, 5925,    1,    8.098,    0.000,    0.000
 167, 5968,    1,    8.082,    0.000,    0.000
 168, 5999,    1,    8.091,    0.000,    0.000
 170, 6101,    1,    8.085,    0.000,    0.000
 171, 6133,    1,    8.089,    0.000,    0.000
 172, 6161,    1,    8.097,    0.000,    0.000
 173, 6188,    1,    8.105,    0.000,    0.000
 174, 6217,    1,    8.095,    0.000,    0.000
 175, 6251,    1,    8.092,    0.000,    0.000
 176, 6282,    1,    8.092,    0.000,    0.000
 177, 6325,    1,    8.078,    0.000,    0.000
 178, 6346,    1,    8.070,    0.000,    0.000
 179, 6369,    1,    8.075,    0.000,    0.000
 180, 6392,    1,    8.089,    0.000,    0.000
 181, 6447,    1,    8.066,    0.000,    0.000
 182, 6465,    1,    8.086,    0.000,    0.000
 183, 6494,    1,    8.084,    0.000,    0.000
 185, 6559,    1,    8.096,    0.000,    0.000
 186, 6594,    1,    8.083,    0.000,    0.000
 187, 6613,    1,    8.091,    0.000,    0.000
 188, 6644,    1,    8.088,    0.000,    0.000
 189, 6703,    1,    8.081,    0.000,    0.000
 190, 6745,    1,    8.075,    0.000,    0.000
 191, 6790,    2,    8.076,    0.001,    0.001
 193, 6854,    2,    8.088,    0.004,    0.003
 194, 6881,    1,    8.092,    0.000,    0.000
 195, 6911,    1,    8.090,    0.000,    0.000
 196, 6941,    1,    8.086,    0.000,    0.000
 197, 7001,    1,    8.090,    0.000,    0.000
 198, 7020,    1,    8.076,    0.000,    0.000
 199, 7060,    1,    8.068,    0.000,    0.000
 200, 7085,    1,    8.065,    0.000,    0.000
 201, 7179,    1,    8.072,    0.000,    0.000
 202, 7208,    1,    8.084,    0.000,    0.000
 203, 7239,    1,    8.077,    0.000,    0.000
 204, 7260,    1,    8.084,    0.000,    0.000
 205, 7315,    1,    8.103,    0.000,    0.000
 206, 7366,    1,    8.083,    0.000,    0.000
 208, 7417,    1,    8.075,    0.000,    0.000
 209, 7445,    1,    8.070,    0.000,    0.000
 210, 7515,    1,    8.058,    0.000,    0.000
 211, 7544,    1,    8.065,    0.000,    0.000
 212, 7581,    1,    8.067,    0.000,    0.000
 213, 7602,    1,    8.068,    0.000,    0.000
 214, 7627,    1,    8.069,    0.000,    0.000
 215, 7664,    1,    8.081,    0.000,    0.000
 216, 7704,    1,    8.078,    0.000,    0.000
 217, 7740,    1,    8.066,    0.000,    0.000
 219, 7830,    1,    8.069,    0.000,    0.000
 220, 7858,    1,    8.062,    0.000,    0.000
 221, 7900,    1,    8.065,    0.000,    0.000
 222, 7921,    1,    8.060,    0.000,    0.000
 223, 7951,    1,    8.083,    0.000,    0.000
 224, 7981,    1,    8.072,    0.000,    0.000
 225, 8008,    1,    8.077,    0.000,    0.000
 226, 8038,    1,    8.081,    0.000,    0.000
 227, 8086,    1,    8.078,    0.000,    0.000
 229, 8155,    1,    8.067,    0.000,    0.000
 230, 8186,    1,    8.073,    0.000,    0.000
 231, 8228,    1,    8.069,    0.000,    0.000
 232, 8256,    1,    8.070,    0.000,    0.000
 233, 8327,    1,    8.079,    0.000,    0.000
 234, 8368,    1,    8.094,    0.000,    0.000
 235, 8396,    1,    8.087,    0.000,    0.000
 236, 8435,    1,    8.082,    0.000,    0.000
 237, 8459,    1,    8.077,    0.000,    0.000
 238, 8480,    1,    8.071,    0.000,    0.000
 239, 8510,    1,    8.062,    0.000,    0.000
 240, 8576,    1,    8.059,    0.000,    0.000
 241, 8614,    1,    8.055,    0.000,    0.000
 242, 8643,    1,    8.063,    0.000,    0.000
 243, 8670,    1,    8.059,    0.000,    0.000
 245, 8722,    1,    8.064,    0.000,    0.000
 246, 8750,    1,    8.066,    0.000,    0.000
 247, 8773,    1,    8.066,    0.000,    0.000
 248, 8830,    1,    8.068,    0.000,    0.000
 249, 8901,    1,    8.055,    0.000,    0.000
 250, 8923,    1,    8.050,    0.000,    0.000
 251, 8953,    1,    8.048,    0.000,    0.000
 252, 8995,    1,    8.059,    0.000,    0.000
 253, 9034,    1,    8.063,    0.000,    0.000
 254, 9112,    1,    8.082,    0.000,    0.000
 255, 9132,    1,    8.081,    0.000,    0.000
 256, 9158,    1,    8.081,    0.000,    0.000
 257, 9188,    1,    8.081,    0.000,    0.000
 258, 9212,    1,    8.089,    0.000,    0.000
 259, 9238,    1,    8.068,    0.000,    0.000
 260, 9268,    1,    8.061,    0.000,    0.000
 261, 9287,    1,    8.066,    0.000,    0.000
 262, 9323,    1,    8.064,    0.000,    0.000
 263, 9374,    1,    8.070,    0.000,    0.000
 264, 9404,    1,    8.074,    0.000,    0.000
 265, 9480,    1,    8.083,    0.000,    0.000
 266, 9509,    1,    8.089,    0.000,    0.000
 267, 9548,    1,    8.092,    0.000,    0.000
 268, 9573,    1,    8.073,    0.000,    0.000
 269, 9643,    1,    8.061,    0.000,    0.000
 270, 9675,    1,    8.061,    0.000,    0.000
 271, 9699,    1,    8.067,    0.000,    0.000
 272, 9731,    1,    8.069,    0.000,    0.000
 273, 9758,    1,    8.074,    0.000,    0.000
 274, 9788,    1,    8.075,    0.000,    0.000
 275, 9812,    1,    8.079,    0.000,    0.000
 277, 9874,    1,    8.077,    0.000,    0.000
 278, 9905,    1,    8.084,    0.000,    0.000
 279, 9930,    1,    8.085,    0.000,    0.000
 280, 9965,    1,    8.078,    0.000,    0.000
 281, 9993,    1,    8.076,    0.000,    0.000
 282, 10021,    1,    8.075,    0.000,    0.000
 283, 10058,    1,    8.067,    0.000,    0.000
 284, 10102,    1,    8.073,    0.000,    0.000
 285, 10146,    1,    8.073,    0.000,    0.000
 286, 10175,    1,    8.076,    0.000,    0.000
 287, 10242,    1,    8.078,    0.000,    0.000
 288, 10284,    1,    8.074,    0.000,    0.000
 289, 10342,    1,    8.058,    0.000,    0.000
 290, 10372,    4,    8.062,    0.002,    0.001
 291, 10406,    3,    8.066,    0.002,    0.001
 292, 10434,    1,    8.064,    0.000,    0.000
 293, 10462,    3,    8.069,    0.001,    0.001
 294, 10490,    1,    8.078,    0.000,    0.000
 295, 10539,    1,    8.084,    0.000,    0.000
 296, 10598,    1,    8.084,    0.000,    0.000
 297, 10631,    1,    8.079,    0.000,    0.000
 298, 10665,    1,    8.067,    0.000,    0.000
